18
19A        0.0000000 0.0031065 0.0054559 0.0046648 0.0085957 0.0101791 0.0101387 0.0221966 0.0262622 0.0101614 0.0109265 0.0220992 0.0253352 0.0435225 0.0536197 0.0561941 0.0518514 0.0570250 
20A        0.0031065 0.0000000 0.0023342 0.0015523 0.0054608 0.0070352 0.0070075 0.0189936 0.0230385 0.0070231 0.0077912 0.0189099 0.0221297 0.0402297 0.0502850 0.0528464 0.0485283 0.0536752 
20B        0.0054559 0.0023342 0.0000000 0.0038947 0.0078291 0.0046733 0.0093767 0.0165591 0.0205806 0.0093978 0.0101646 0.0205634 0.0238015 0.0376766 0.0476749 0.0502205 0.0459317 0.0510459 
20C        0.0046648 0.0015523 0.0038947 0.0000000 0.0070286 0.0086080 0.0054444 0.0205991 0.0246557 0.0054565 0.0062263 0.0205081 0.0237375 0.0418860 0.0519654 0.0545335 0.0502023 0.0553634 
20E        0.0085957 0.0054608 0.0078291 0.0070286 0.0000000 0.0125854 0.0125354 0.0246872 0.0287801 0.0125636 0.0133276 0.0229775 0.0278359 0.0461509 0.0563155 0.0589079 0.0545312 0.0597430 
20F        0.0101791 0.0070352 0.0046733 0.0086080 0.0125854 0.0000000 0.0141313 0.0213901 0.0254497 0.0141632 0.0149263 0.0254281 0.0286963 0.0410134 0.0510695 0.0536314 0.0493117 0.0544598 
20G        0.0101387 0.0070075 0.0093767 0.0054444 0.0125354 0.0141313 0.0000000 0.0262288 0.0303201 0.0109472 0.0117116 0.0261127 0.0293697 0.0476769 0.0578329 0.0604241 0.0560487 0.0612577 
20I        0.0221966 0.0189936 0.0165591 0.0205991 0.0246872 0.0213901 0.0262288 0.0000000 0.0361102 0.0262897 0.0270416 0.0369341 0.0402739 0.0519385 0.0621700 0.0647828 0.0603669 0.0656204 
20J        0.0262622 0.0230385 0.0205806 0.0246557 0.0287801 0.0254497 0.0303201 0.0361102 0.0000000 0.0303910 0.0311388 0.0420011 0.0453771 0.0562675 0.0665842 0.0692214 0.0647602 0.0700637 
21C        0.0101614 0.0070231 0.0093978 0.0054565 0.0125636 0.0141632 0.0109472 0.0262897 0.0303910 0.0000000 0.0117379 0.0245483 0.0278027 0.0477922 0.0579755 0.0588405 0.0544685 0.0604822 
21F        0.0109265 0.0077912 0.0101646 0.0062263 0.0133276 0.0149263 0.0117116 0.0270416 0.0311388 0.0117379 0.0000000 0.0269217 0.0301836 0.0468716 0.0586877 0.0612827 0.0568999 0.0621170 
21I        0.0220992 0.0189099 0.0205634 0.0205081 0.0229775 0.0254281 0.0261127 0.0369341 0.0420011 0.0245483 0.0269217 0.0000000 0.0140764 0.0570663 0.0647103 0.0655836 0.0611647 0.0672296 
21J        0.0253352 0.0221297 0.0238015 0.0237375 0.0278359 0.0286963 0.0293697 0.0402739 0.0453771 0.0278027 0.0301836 0.0140764 0.0000000 0.0588520 0.0665255 0.0674028 0.0629622 0.0690534 
21K        0.0435225 0.0402297 0.0376766 0.0418860 0.0461509 0.0410134 0.0476769 0.0519385 0.0562675 0.0477922 0.0468716 0.0570663 0.0588520 0.0000000 0.0334083 0.0375330 0.0350075 0.0366890 
21L        0.0536197 0.0502850 0.0476749 0.0519654 0.0563155 0.0510695 0.0578329 0.0621700 0.0665842 0.0579755 0.0586877 0.0647103 0.0665255 0.0334083 0.0000000 0.0054533 0.0093966 0.0031106 
22A        0.0561941 0.0528464 0.0502205 0.0545335 0.0589079 0.0536314 0.0604241 0.0647828 0.0692214 0.0588405 0.0612827 0.0655836 0.0674028 0.0375330 0.0054533 0.0000000 0.0070314 0.0077982 
22B        0.0518514 0.0485283 0.0459317 0.0502023 0.0545312 0.0493117 0.0560487 0.0603669 0.0647602 0.0544685 0.0568999 0.0611647 0.0629622 0.0350075 0.0093966 0.0070314 0.0000000 0.0117579 
22C        0.0570250 0.0536752 0.0510459 0.0553634 0.0597430 0.0544598 0.0612577 0.0656204 0.0700637 0.0604822 0.0621170 0.0672296 0.0690534 0.0366890 0.0031106 0.0077982 0.0117579 0.0000000 
